LISTA 1:
Grupo 1 = [1, 9, 17, 25, 33, 41, 49]
Grupo 2 = [2, 10, 18, 26, 34, 42, 50]
Grupo 3 = [3, 11, 19, 27, 35, 43, 51]
Grupo 4 = [4, 12, 20, 28, 36, 44]
Grupo 5 = [5, 13, 21, 29, 37, 45]
Grupo 6 = [6, 14, 22, 30, 38, 46]
Grupo 7 = [7, 15, 23, 31, 39, 47]
Grupo 8 = [8, 16, 24, 32, 40, 48]

------------------------------------------

LISTA 2:
Grupo 1 = [31, 39, 47]
Grupo 2 = [32, 40, 48]
Grupo 3 = [33, 41, 49, 72]
Grupo 4 = [34, 42, 50, 73]
Grupo 5 = [35, 43, 51, 74]
Grupo 6 = [36, 44, 52, 75]
Grupo 7 = [37, 45, 53, 55]
Grupo 8 = [38, 46, 54, 71]

